#Año inicial y terminal
1995 2014
#Numero de años
20
#tiempos de desfase entre reclutas y desovantes
1
#Numero de tallas
38
#Años	Captura	cv	Indice	cv	Crucero	cv	nm	nmc
1995 10 0.05 0.94 0.2 0 0.3 40 20
1996 119 0.05 0.899 0.2 0 0.3 40 20
1997 246 0.05 1 0.2 0 0.3 40 20
1998 1970 0.05 0.814 0.2 0 0.3 40 20
1999 9457 0.05 0.814 0.2 0 0.3 40 20
2000 21347 0.05 0.753 0.2 0 0.3 40 20
2001 62197 0.05 0.824 0.2 0 0.3 40 20
2002 133261 0.05 0.877 0.2 0 0.3 40 20
2003 209935 0.05 0.61 0.2 0 0.3 40 20
2004 172960 0.05 0.432 0.2 0 0.3 40 20
2005 207075 0.05 0.396 0.2 519846 0.3 40 20
2006 208785 0.05 0.352 0.2 415243 0.3 40 20
2007 128901 0.05 0.318 0.2 285928 0.3 40 20
2008 150821 0.05 0.557 0.2 223877 0.3 40 20
2009 128997 0.05 0.289 0.2 286201 0.3 40 20
2010 101918 0.05 0.299 0.2 198335 0.3 40 20
2011 130361 0.05 0.237 0.2 178261 0.3 40 20
2012 54331 0.05 0.178 0.2 276979 0.3 40 20
2013 102620 0.05 0.345 0.2 294517 0.3 40 20
2014 76655 0.05 0.194 0.2 300289 0.3 40 20
#Tallas
30 34 38 42 46 50 54 58 62 66 70 74 78 82 86 90 94 98 102 106 110 114 118 122 126 130 134 138 142 146 150 154 158 162 166 170 174 178
#Numero de años con composiciones de tallas (Capturas)
15
#ID de los años con comps de tallas
2000 2001 2002 2003 2004 2005 2006 2007 2008 2009 2010 2011 2012 2013 2014
#	Frecuencia_de	tallas	de	las	capturas
0 0 1 2 2 0 2 13 15 28 34 62 117 148 119 92 80 80 76 71 73 83 81 82 65 53 45 31 22 13 8 2 1 1 0 0 0 0
0 0 1 3 1 0 2 8 14 19 26 57 104 114 134 147 147 137 104 73 55 60 54 57 48 38 35 28 18 8 5 2 1 0 0 0 0 0
0 0 0 3 2 0 2 9 16 22 26 44 85 107 118 124 134 134 123 106 95 73 64 46 39 42 34 20 14 12 5 2 1 0 0 0 0 0
0 0 2 2 1 0 0 6 13 19 14 26 53 57 84 86 117 142 132 134 114 107 96 76 64 46 34 30 17 14 7 3 2 1 0 0 0 0
0 0 1 2 1 0 2 4 19 20 23 52 94 131 128 115 117 113 112 96 86 83 74 63 52 37 26 20 14 8 5 2 1 1 0 0 0 0
0 0 1 2 1 0 2 10 19 24 32 51 117 148 129 136 139 125 129 93 75 64 55 46 37 26 17 10 8 2 2 1 1 0 0 0 0 0
0 0 2 5 2 0 4 11 31 38 35 61 123 151 144 136 134 124 112 91 77 60 50 35 26 17 8 11 7 3 0 1 1 0 0 0 0 0
0 0 2 3 5 1 2 12 27 40 35 72 129 171 169 132 127 119 105 80 63 51 46 27 22 22 10 10 7 3 3 1 1 0 0 0 0 0
0 0 2 13 8 4 19 75 178 205 115 74 98 126 116 94 71 74 62 43 33 29 16 16 11 6 4 2 2 1 0 0 0 0 0 0 0 0
0 0 1 3 4 1 6 30 70 81 64 84 141 174 153 115 102 106 81 64 52 54 33 28 20 11 8 6 3 3 0 1 0 0 0 0 0 0
0 1 3 9 7 2 8 19 49 69 62 86 147 200 158 120 101 93 74 73 51 48 37 28 22 17 9 4 3 1 1 1 0 0 0 0 0 0
0 0 2 7 3 1 4 39 98 99 67 76 120 149 139 108 103 100 80 73 55 52 33 27 22 15 13 8 5 1 1 0 0 0 0 0 0 0
0 0 2 3 2 1 4 12 36 41 55 102 183 242 206 136 94 85 70 56 44 37 25 18 16 14 8 5 2 2 1 0 1 0 0 0 0 0
0 0 2 8 4 0 3 13 26 36 43 75 148 174 187 171 156 152 97 70 37 26 23 16 13 9 5 3 1 1 1 0 0 0 0 0 0 0
0 0 2 2 3 1 1 12 32 35 28 38 65 107 108 128 168 176 154 131 107 81 41 29 21 11 7 5 3 2 0 1 0 0 0 0 0 0
#Numero de años con composiciones de tallas (Cruceros)
10
#ID de los años con comps de tallas (Cruceros)
2005 2006 2007 2008 2009 2010 2011 2012 2013 2014
#	Frecuencia_de	tallas	de	los	cruceros
0 2 15 34 24 3 4 60 105 140 92 80 120 148 112 102 82 92 66 53 48 28 30 20 13 13 4 4 2 2 2 0 0 0 0 0 0 0
0 2 12 28 24 3 9 62 140 177 123 54 118 146 104 92 75 66 76 50 46 30 15 12 9 9 8 4 2 4 0 0 2 0 0 0 0 0
0 0 9 36 24 10 13 51 130 159 102 88 129 152 136 87 66 62 54 40 45 30 18 20 22 4 2 3 4 0 0 2 0 0 0 0 0 0
0 0 9 48 12 4 10 63 138 176 87 69 100 129 116 94 114 92 48 48 36 39 22 16 12 3 6 2 6 0 0 0 0 0 0 0 0 0
0 2 6 27 9 3 15 70 158 176 116 68 94 158 120 102 56 81 56 38 56 16 24 16 13 10 4 3 2 2 2 0 0 0 0 0 0 0
0 2 12 78 50 10 10 38 153 144 75 69 122 122 112 86 80 72 63 54 34 39 20 20 9 16 3 3 0 2 3 2 0 0 0 0 0 0
0 2 10 50 38 12 27 92 248 280 118 64 70 84 99 50 48 40 51 27 32 18 12 10 9 3 3 2 0 2 0 0 0 0 0 0 0 0
0 3 8 21 20 8 13 62 146 144 96 99 172 211 160 102 50 46 34 30 20 16 9 9 10 6 2 2 2 0 0 0 0 0 0 0 0 0
0 0 20 62 38 4 12 57 120 128 74 60 118 159 152 110 94 96 75 42 21 20 10 6 4 8 8 0 2 0 0 2 0 0 0 2 0 0
0 0 10 27 21 2 16 68 194 206 135 62 72 132 102 75 74 72 63 45 32 38 21 15 4 8 2 4 3 0 0 0 0 0 0 0 0 0
# CONTROLES DEL MODELO
# Coeficiente de variación de los reclutamientos y Ro (de partida)
#  sigmaR   Ro
0.6      1000
#  L50ms  L95ms   ln(aw)   bw    (aw, bw: son coef relación talla-peso)
106.1   117.5    -6.9     3.0
#  dt desove   dt CPUE	 dt Crucero	
0.8         0.5      0.8
# PARAMETROS DE CRECIMIENTO, M, STEEPNESS, y b_CPUE
#Loo,   k,        Lo(mm)     a0          cv_edad        M         h        b_cpue
150	0.225	  50.0       0.0          0.08         0.45       0.75     1.0    
0.1     0.1       0.1        10.1         0.1         0.3        0.1      0.1    
-5      -4         5         -4             4          -5         -5       -3     
# PARAMETROS INICALES DE SELECTIVIDAD DOBLE NORMAL
# FLOTA
#L50        sigma1    sigma 2
90           10        1000     #prior
0.5           0.5        10      #cv de la prior
3             3          -2      #fases
# CRUCERO
#L50        sigma1    sigma 2
75           10        1000     #prior
0.5           0.5        10      #cv de la prior
3             3          -2      #fases
# Número de bloques de selectividad flota y años de inicio
1
1995
# Número de bloques de capturabilidad flota y años de inicio
1
1995
# OTRAS FASES DE ESTIMACION DE PARAMETROS
# Coeficiente de  capturabilidad q flota y crucero
4  5
# Mortalidad por pesca
2
# Variación anual de reclutamientos
2
# Variación condición inicial (<0 esta en equilibrio)
-2
# Estimación de Ro
1
# ANALISIS DE ESTRATEGIAS DE EXPLOTACION CON DECISION DE MORTALIDAD POR PESCA
# Regla de control tipo rampla con %BD0 pivote (si es 0 es regimen F constante)
0
# PROYECCION DE LA POBLACION
#numero de escenarios
6
# Multiplos de F
1e-10  0.5    1.00    1.5    2.0   2.5
# Años a proyectar
25
