Dato 1: Almeja,  Chile, Fuente de datos. IFOP 2012-2016, Chile

Tallas																																					
20	22	24	26	28	30	32	34	36	38	40	42	44	46	48	50	52	54	56	58	60	62	64	66	68	70	72	74	76	78	80	82	84	86	88	90	92	94
Frecuencias
0	0	0	0	0	0	3	11	19	36	153	344	674	1337	2348	3893	5238	5938	6520	6321	6308	5990	4986	4255	3235	2012	1327	779	466	225	71	27	19	13	2	2	1	2
0	0	0	0	0	1	22	21	49	68	250	507	992	1733	2729	4362	5250	5661	6109	6082	5861	5227	4190	3535	2543	1601	1038	602	268	135	48	26	7	2	1	1	0	1
0	0	0	0	0	0	0	1	10	17	114	329	676	1296	1980	2876	3669	3927	4220	4369	4517	4248	3409	2886	2268	1570	1070	639	398	195	111	61	39	17	13	2	2	2
0	0	0	0	0	0	7	6	3	5	30	115	330	682	1274	2293	3853	4569	5213	4882	5069	5109	4177	3391	2208	1575	912	596	253	146	63	43	15	12	3	2	0	0
0	0	0	0	0	0	0	15	64	142	307	584	1296	1989	2582	2922	3075	3595	3618	3295	2796	2416	1891	1413	930	645	374	167	75	37	23	13	1	2	1	0	0	0

Loo     k         M        L50m    L95m
96.5	0.13      0.28      39      42

Relación talla/peso																																					
Talla 20	22	24	26	28	30	32	34	36	38	40	42	44	46	48	50	52	54	56	58	60	62	64	66	68	70	72	74	76	78	80	82	84	86	88	90	92	94
Peso  2.75	3.65	4.72	5.97	7.43	9.11	11.02	13.18	15.6	18.3	21.29	24.58	28.2	32.15	36.45	41.12	46.16	51.6	57.44	63.7	70.41	77.56	85.17	93.26	101.85	110.94	120.56	130.71	141.4	152.66	164.5	176.93	189.97	203.62	217.91	232.85	248.45	264.7

---------------------------------------------------------------------------------------------------------------------------------------------------------------------------------------------------------------------------------------------------------------------------------------------------------------
Dato 2: Huepo,  Chile, Fuente de datos. IFOP 2012-2016, Chile

Tallas																																					
61	63	65	67	69	71	73	75	77	79	81	83	85	87	89	91	93	95	97	99	101	103	105	107	109	111	113	115	117	119	121	123	125	127	129	131	133	135	137	139	141	143	145	147	149	151	153	155	157	159	161	163	165	167	169	171	173	175	177	179	181	183	185	187	189	191	193	195	197	199	201	203	205	207	209	211	213
Frecuencias
0	0	0	0	0	0	0	0	0	0	0	1	1	1	1	2	1	2	2	8	12	12	28	45	59	99	102	136	128	171	151	170	217	203	336	342	344	426	480	630	672	618	714	714	763	662	642	597	537	424	298	292	236	201	170	99	113	72	74	50	25	20	15	18	9	1	1	0	3	0	0	0	0	0	0	0	0
0	0	0	0	0	0	0	0	0	0	0	0	0	1	3	3	10	16	29	29	71	61	99	116	147	152	194	192	197	243	182	182	240	221	286	287	322	356	361	475	652	626	607	735	727	696	801	792	702	673	531	519	415	363	309	222	166	147	102	95	52	38	39	25	11	12	7	4	2	0	0	0	0	0	0	0	0
0	0	0	0	0	0	0	0	0	0	0	0	3	2	3	2	11	10	11	18	36	31	68	73	150	255	328	392	359	451	344	388	411	430	472	455	477	549	530	587	598	586	510	575	600	504	607	604	561	606	425	475	443	405	413	294	258	224	181	123	97	77	54	49	19	11	15	9	4	2	1	0	1	0	0	0	0
0	0	0	0	0	0	0	0	0	0	0	0	0	0	0	2	2	1	3	13	23	16	51	37	71	124	164	215	206	242	273	331	306	326	383	419	498	644	579	648	918	937	822	998	928	721	884	865	677	726	481	503	410	312	278	207	163	137	97	80	55	47	38	31	28	11	15	9	6	3	3	1	1	0	0	0	0
0	0	0	0	0	0	0	0	0	0	0	0	1	1	0	1	4	2	4	6	15	21	22	16	33	43	60	90	94	163	193	238	250	282	349	440	450	596	570	605	732	808	813	992	1000	860	974	991	812	896	625	647	540	451	415	273	217	205	145	131	82	70	45	23	26	22	10	12	7	8	6	0	0	0	0	0	0

Loo     k         M        L50m    L95m
220	0.16       0.21     104     123

Relación talla/peso																																					
Talla	61	63	65	67	69	71	73	75	77	79	81	83	85	87	89	91	93	95	97	99	101	103	105	107	109	111	113	115	117	119	121	123	125	127	129	131	133	135	137	139	141	143	145	147	149	151	153	155	157	159	161	163	165	167	169	171	173	175	177	179	181	183	185	187	189	191	193	195	197	199	201	203	205	207	209	211	213
Peso	3.897	4.296	4.721	5.173	5.652	6.160	6.696	7.263	7.860	8.489	9.150	9.844	10.572	11.334	12.132	12.966	13.836	14.745	15.691	16.677	17.702	18.768	19.876	21.026	22.219	23.455	24.736	26.062	27.434	28.852	30.318	31.833	33.396	35.010	36.670	38.386	40.153	41.972	43.844	45.771	47.752	49.790	51.883	54.034	56.242	58.509	60.835	63.222	65.669	68.177	70.748	73.382	76.080	78.842	81.669	84.562	87.522	90.549	93.645	96.809	100.042	103.346	106.721	110.168	113.687	117.279	120.945	124.686	128.502	132.394	136.363	140.410	144.534	148.738	153.021	157.385	161.829


---------------------------------------------------------------------------------------------------------------------------------------------------------------------------------------------------------------------------------------------------------------------------------------------------------------
Dato 3: Juliana,  Chile, Fuente de datos. IFOP 2012-2016, Chile

Tallas																																					
20	21	22	23	24	25	26	27	28	29	30	31	32	33	34	35	36	37	38	39	40
Frecuencias
0	3	2	8	11	18	39	94	170	216	202	118	74	35	9	1	0	0	0	0	0
0	1	5	7	16	33	69	109	139	147	147	117	91	57	33	18	8	3	1	0	0
0	0	1	3	12	33	64	126	169	176	170	126	70	39	11	0	0	0	0	0	0
0	0	0	0	1	6	12	24	45	73	183	173	154	124	83	58	30	18	10	5	1
0	0	0	0	0	0	0	0	0	0	0	0	0	0	0	0	0	0	0	0	0

Loo     k         M        L50m    L95m
41.15	0.27      0.4      23      28

Relación talla/peso																																					
Talla 	20	21	22	23	24	25	26	27	28	29	30	31	32	33	34	35	36	37	38	39	40
Peso 	5.8	6.7	7.8	9.0	10.3	11.8	13.4	15.1	16.9	18.9	21.1	23.4	26.0	28.6	31.5	34.6	37.8	41.3	45.0	48.9	53.0

---------------------------------------------------------------------------------------------------------------------------------------------------------------------------------------------------------------------------------------------------------------------------------------------------------------
Dato 4: Jaiba Marmola, Fuente de datos. IFOP 2012-2016, Chile

Tallas
78	83	88	93	98	103	108	113	118	123	128	133	138	143	148	153	158	163	168	173	178	183	188	193	198
Frecuencias
0	0	0	1	17	78	229	390	377	322	213	165	97	65	53	51	23	25	11	5	3	0	1	0	0
0	0	0	4	17	90	130	214	214	166	107	95	70	48	33	17	14	8	4	2	4	1	0	0	0
26	54	75	72	98	214	277	581	367	344	218	163	79	72	31	30	19	17	8	1	0	1	0	1	0
0	0	0	0	1	82	218	361	271	246	173	128	81	78	49	47	27	21	7	7	1	4	2	0	0
0	0	0	0	4	16	155	413	262	233	193	133	93	79	32	40	26	30	7	5	3	3	0	1	0


Loo     k         M        L50m    L95m
175.4   0.215	0.38	   129     133

Relación talla/peso																																					
Talla 	78	83	88	93	98	103	108	113	118	123	128	133	138	143	148	153	158	163	168	173	178	183	188	193	198
Peso    0.07643	0.0929	0.11163	0.13277	0.15648	0.18291	0.21223	0.24458	0.28013	0.31904	0.36147	0.40757	0.45752	0.51148	0.5696	0.63206	0.69901	0.77063	0.84708	0.92852	1.01513	1.10707	1.20451	1.30762	1.41657

---------------------------------------------------------------------------------------------------------------------------------------------------------------------------------------------------------------------------------------------------------------------------------------------------------------
Dato 5: Anchoveta III-IV, Fuente de datos. IFOP 2012-2016, Chile

Tallas
5	5.5	6	6.5	7	7.5	8	8.5	9	9.5	10	10.5	11	11.5	12	12.5	13	13.5	14	14.5	15	15.5	16	16.5	17	17.5	18	18.5	19	19.5
Frecuencias
0	0	0	0	0	0	0	0	0	1	6	21	32	175	270	662	1198	956	706	495	268	414	1000	1682	1493	568	41	3	0	0
0	0	0	0	0	0	0	0	0	0	4	1	8	25	175	305	463	617	767	829	692	857	880	962	371	86	5	0	0	0
0	0	0	0	0	0	1	2	5	5	17	45	88	231	328	478	635	879	1116	1461	1321	910	552	605	662	426	97	10	0	0
0	0	0	0	0	0	1	1	2	3	18	33	142	337	990	2089	2890	3079	2817	1450	520	282	144	77	25	2	0	0	0	0
0	0	0	0	0	0	0	0	0	0	0	0	0	0	0	0	0	0	0	0	0	0	0	0	0	0	0	0	0	0

Loo     k         M        L50m    L95m
18.75	0.91	1.3	   12.0    13.0

Relación talla/peso																																					
Talla 	5	5.5	6	6.5	7	7.5	8	8.5	9	9.5	10	10.5	11	11.5	12	12.5	13	13.5	14	14.5	15	15.5	16	16.5	17	17.5	18	18.5	19	19.5
Peso    0.7	0.9	1.2	1.5	1.9	2.4	3	3.6	4.4	5.2	6.1	7.1	8.3	9.6	11	12.5	14.2	16	18	20.2	22.5	25	27.7	30.5	33.6	36.9	40.4	44.1	48.1	52.2


---------------------------------------------------------------------------------------------------------------------------------------------------------------------------------------------------------------------------------------------------------------------------------------------------------------
Dato 6: Arenque de Panama

Tallas
10.5	11	11.50	12	12.5	13	13.5	14	14.5	15	15.5	16	16.5	17	17.5	18	18.5	19	19.5	20	20.5	21	21.5	22	22.5	23	23.5	24	24.5	25
Frecuencias
27	50	66	151	365	939	1985	3368	3350	2722	1540	1028	914	1054	1166	1066	765	690	651	595	426	396	280	246	198	176	138	120	63	39
0	5	5	11	16	37	149	411	685	695	555	382	310	310	316	268	244	276	226	223	188	157	117	90	53	66	37	27	19	5
6	14	20	251	175	625	348	1297	441	2352	1236	1144	442	826	280	370	82	141	8	124	0	8	0	96	6	93	14	14	0	6
11	9	9	143	127	481	451	865	836	2639	1814	1731	554	1422	477	988	342	690	231	474	109	167	40	111	30	30	8	5	5	37
0	0	0	0	0	0	0	146	279	1000	561	428	44	665	188	540	30	139	0	285	0	0	0	0	0	0	0	0	0	0
0	3	4	52	15	262	203	504	519	702	659	662	374	615	363	461	73	122	34	58	22	14	4	6	0	8	0	2	0	0
67	144	144	148	145	511	370	665	459	1448	1350	1599	1141	1180	1037	1693	1254	678	490	339	216	194	48	108	33	93	51	45	88	50
55	25	0	42	93	102	151	295	365	708	543	481	365	561	373	477	165	370	25	129	0	65	0	0	0	0	0	0	0	4

Loo     k         M        L50m    L95m
27.8	0.65	0.33	   18.5    19.5

Relación talla/peso																																					
Talla 	10.5	11	11.50	12	12.5	13	13.5	14	14.5	15	15.5	16	16.5	17	17.5	18	18.5	19	19.5	20	20.5	21	21.5	22	22.5	23	23.5	24	24.5	25
Peso    18.7	21.6	24.7	28.2	31.9	36.0	40.4	45.1	50.2	55.6	61.5	67.8	74.4	81.5	89.0	97.0	105.5	114.4	123.9	133.8	144.3	155.3	166.8	179.0	191.7	204.9	218.8	233.3	248.5	264.3


---------------------------------------------------------------------------------------------------------------------------------------------------------------------------------------------------------------------------------------------------------------------------------------------------------------
Dato 7: Botella del Ecuador

Tallas
9	10	11	12	13	14	15	16	17	18	19	20	21	22	23	24	25	26	27	28	29	30	31	32	33	34	35	36	37	38	39	40	41
Frecuencias
0	0	0	1	3	11	13	40	42	43	45	94	171	216	530	1045	984	914	969	1026	870	609	310	113	43	14	2	9	3	9	2	0	0
0	0	0	0	0	6	0	129	103	289	509	1151	1197	2194	4421	8404	9714	8408	7706	7107	5568	3202	1303	538	213	80	0	23	9	0	0	0	0
0	0	0	0	0	5	0	9	94	101	176	369	638	1552	2382	3706	3840	3134	1350	823	620	615	393	504	267	98	26	3	6	0	0	0	0
0	0	0	0	0	0	0	0	0	0	9	53	125	573	2997	4665	3385	1573	831	685	663	417	297	79	30	25	7	11	4	1	1	0	0
0	0	0	0	0	0	0	3	7	56	54	81	111	694	2507	3299	1993	1173	588	409	245	145	251	133	57	40	31	2	0	0	0	0	0
0	0	0	0	0	137	338	620	548	1032	1119	814	946	2336	3809	4045	3566	2193	2101	1683	851	516	313	215	97	44	14	6	3	1	1	0	1

Loo     k         M        L50m    L95m
38.0	0.30	0.60	    25.5   28.5

Relación talla/peso																																					
Talla	9	10	11	12	13	14	15	16	17	18	19	20	21	22	23	24	25	26	27	28	29	30	31	32	33	34	35	36	37	38	39	40	41
Peso	9.31	12.98	17.52	23.05	29.65	37.45	46.54	57.03	69.04	82.65	98.00	115.19	134.32	155.52	178.90	204.56	232.63	263.22	296.45	332.43	371.29	413.13	458.09	506.27	557.80	612.80	671.39	733.69	799.82	869.92	944.09	1022.46	1105.17


---------------------------------------------------------------------------------------------------------------------------------------------------------------------------------------------------------------------------------------------------------------------------------------------------------------
Dato 8: Centolla de Chile

Tallas
102	104	106	108	110	112	114	116	118	120	122	124	126	128	130	132	134	136	138	140	142	144	146	148	150	152	154	156	158	160	162	164	166	168	170	172	174	176	178	180	182	184	186	188	190	192	194	196	198	200
Frecuencias
 0	0	0	3	4	8	38	50	145	239	453	590	506	460	311	446	353	346	281	188	292	209	144	150	85	109	126	60	76	35	33	38	17	18	9	14	10	2	4	0	0	0	1	0	0	0	0	0	0	0
 0	0	2	0	2	12	32	127	314	739	1669	1506	819	804	768	1020	689	539	364	393	453	487	122	142	121	183	170	35	54	58	69	62	19	28	8	17	20	4	1	2	2	3	0	0	0	0	1	0	0	0
 0	0	0	0	0	5	14	48	101	669	1106	812	695	546	556	870	358	428	240	250	406	260	146	119	84	134	118	50	34	24	36	50	23	17	11	16	13	1	3	1	1	1	1	1	1	0	0	0	0	0
 0	0	0	0	1	9	25	101	208	532	622	556	516	437	451	439	237	289	189	206	209	176	125	92	71	82	65	43	27	20	18	26	8	8	9	8	7	6	1	1	1	0	1	0	0	0	0	0	0	0
 1	0	0	1	7	14	23	109	181	531	622	538	653	447	517	565	234	402	179	289	226	175	159	81	88	72	95	60	23	24	20	33	19	9	10	4	6	2	0	3	0	0	0	0	0	0	0	0	0	0
 0	0	0	0	3	1	4	27	58	327	377	306	441	284	365	335	158	223	109	186	157	101	85	30	46	41	35	38	12	11	14	18	4	3	2	4	2	3	2	1	0	1	0	0	1	0	0	0	0	0
 0	0	0	1	13	38	48	210	292	658	854	664	690	529	433	503	283	335	193	173	195	111	121	43	43	66	27	33	14	10	28	18	3	2	4	4	5	0	0	1	0	0	0	1	0	0	0	0	0	1 

Loo     k         M    L50m    L95m
176.756 0.151 0.227   103.4   111.99

Relación talla/peso																																					
Talla 	102	104	106	108	110	112	114	116	118	120	122	124	126	128	130	132	134	136	138	140	142	144	146	148	150	152	154	156	158	160	162	164	166
Peso 	825.9	874.4	924.7	976.9	1031.0	1087.0	1145.0	1205.0	1267.1	1331.2	1397.4	1465.8	1536.3	1609.0	1684.0	1761.2	1840.8	1922.6	2006.9	2093.5	2182.6	2274.1	2368.1	2464.7	2563.8	2665.5	2769.8	2876.8	2986.5	3098.9	3214.1	3332.0	3452.8

---------------------------------------------------------------------------------------------------------------------------------------------------------------------------------------------------------------------------------------------------------------------------------------------------------------
Dato 9: Gamba de Mauritania

Tallas
12	13	14	15	16	17	18	19	20	21	22	23	24	25	26	27	28	29	30	31	32	33	34	35	36
Frecuencias
1	5	8	15	46	73	113	136	142	145	155	159	161	146	131	105	74	48	34	23	9	7	3	0	1
0	0	0	1	6	16	40	78	101	117	122	112	88	65	46	26	11	4	2	1	1	0	0	0	0
0	0	0	2	5	23	81	145	183	189	195	196	184	161	131	93	66	44	25	19	11	5	2	0	1
0	0	3	10	21	70	166	223	261	274	279	279	262	209	156	91	50	38	23	16	11	7	3	1	0

Loo     k         M    L50m    L95m
39.26    0.32    0.64   23.7    34.5

Relación talla/peso																																					
Talla 	12	13	14	15	16	17	18	19	20	21	22	23	24	25	26	27	28	29	30	31	32	33	34	35	36
Peso 	47.6	59.3	72.6	87.6	104.5	123.3	144.1	167.1	192.2	219.5	249.3	281.4	316.1	353.4	393.3	436.0	481.5	529.9	581.3	635.7	693.3	754.1	818.1	885.5	956.2


---------------------------------------------------------------------------------------------------------------------------------------------------------------------------------------------------------------------------------------------------------------------------------------------------------------
Dato 10: Ostion Chile

Tallas
60	62	64	66	68	70	72	74	76	78	80	82	84	86	88	90	92	94	96	98	100	102
Frecuencias
0	0	5	13	28	123	316	716	910	913	761	517	423	266	138	87	45	19	28	4	2	2
0	0	9	38	77	333	725	1938	2705	2594	2723	1700	1150	617	357	217	95	50	28	21	7	6
0	0	6	27	79	180	428	1588	2661	3039	2815	1943	1215	755	395	216	118	77	53	21	4	2
0	0	11	13	45	157	621	1695	2507	2998	2877	2129	1374	812	488	338	180	91	58	26	13	10
0	0	1	0	4	14	68	379	746	844	803	550	346	177	103	65	34	23	7	4	0	1

Loo     k         M    L50m    L95m
101	0.27	 0.5   75      76

Relación talla/peso																																					
Talla	60	62	64	66	68	70	72	74	76	78	80	82	84	86	88	90	92	94	96	98	100	102
Peso	26.6	29.6	32.7	36.1	39.7	43.6	47.7	52.1	56.7	61.6	66.9	72.3	78.1	84.3	90.7	97.5	104.6	112.0	119.8	128.0	136.5	145.5



