#Año inicial y terminal																					
1993	2018																				
#numero	de	años.																			
12																					
#tiempos de desfase entre reclutas y desovantes.																					
1																					
#numero	de tallas																			
22																					
#Años	Captura	cv	Indice	cv	Crucero	cv	nm	nmc													
1993	2	0.05	0.00	0.3	0	0.4	50	30													
1994	90	0.05	0.00	0.3	0	0.4	50	30													
1995	4410	0.05	0.00	0.3	0	0.4	50	30													
1996	89	0.05	0.00	0.3	0	0.4	50	30													
1997	83	0.05	0.00	0.3	0	0.4	50	30													
1998	7738	0.05	0.95	0.3	0	0.4	50	30													
1999	6777	0.05	1.22	0.3	0	0.4	50	30													
2000	7150	0.05	0.86	0.3	0	0.4	50	30													
2001	8913	0.05	1.05	0.3	0	0.4	50	30													
2002	9397	0.05	0.97	0.3	0	0.4	50	30													
2003	42723	0.05	1.18	0.3	0	0.4	50	30													
2004	31645	0.05	0.82	0.3	0	0.4	50	30													
2005	29126	0.05	0.78	0.3	39741	0.4	50	30													
2006	20936	0.05	0.63	0.3	69036	0.4	50	30													
2007	18226	0.05	0.56	0.3	54030	0.4	50	30													
2008	16751	0.05	0.27	0.3	39570	0.4	50	30													
2009	14171	0.05	0.39	0.3	33733	0.4	50	30													
2010	12624	0.05	0.27	0.3	50995	0.4	50	30													
2011	6475	0.05	0.25	0.3	36579	0.4	50	30													
2012	12493	0.05	0.40	0.3	51490	0.4	50	30													
2013	14225	0.05	0.34	0.3	67572	0.4	50	30													
2014	12074	0.05	0.65	0.3	30278	0.4	50	30													
2015	13441	0.05	0.41	0.3	44301	0.4	50	30													
2016	11618	0.05	0.49	0.3	37313	0.4	50	30													
2017	4473	0.05	0.34	0.3	40200	0.4	50	30													
2018	5055	0.05	0.28	0.3	44655	0.4	50	30													
#	Tallas																				
4	5	6	7	8	9	10	11	12	13	14	15	16	17	18	19	20	21	22	23	24	25
#Numero de años con composiciones de tallas (Capturas)																					
19																					
#ID de los años con comps de tallas																					
2000	2001	2002	2003	2004	2005	2006	2007	2008	2009	2010	2011	2012	2013	2014	2015	2016	2017	2018			
#	Frecuencia_de	tallas	de	las	capturas																
0	0	0	3	3	33	126	360	715	1105	1794	1419	1638	1552	2114	1275	897	529	355	66	22	3
0	0	0	3	4	30	108	325	1924	2927	3783	3288	2584	1843	1954	1251	1372	770	400	79	21	2
0	0	1	3	4	17	79	392	980	1598	3898	4571	2945	2266	1906	919	1205	554	203	62	13	2
1	0	1	7	22	165	561	1459	4299	9359	12786	15812	17784	15368	11104	4785	3739	1851	1036	280	60	9
0	0	1	5	15	79	474	2197	3763	10416	10216	15018	9453	7599	8572	5518	2684	1771	456	103	27	3
0	0	1	6	12	74	283	1102	4669	10056	18234	13886	9448	6676	5407	3781	2261	1329	404	91	29	2
0	0	1	7	10	50	135	569	1998	5105	7870	13449	7088	7166	3682	3040	1721	1076	381	122	21	2
1	0	1	5	9	46	168	577	2261	4041	6607	5874	7647	7545	5221	2032	1232	545	296	83	13	2
2	0	1	7	12	47	247	925	3039	3821	6520	8056	5740	4378	4145	2721	1107	620	316	58	9	2
1	0	7	37	11	57	176	837	1885	4878	7818	5371	5938	3611	2045	1376	1395	558	183	56	10	2
0	0	3	12	34	319	510	1041	2532	5102	4949	5479	4459	3480	1530	953	583	316	160	56	9	1
0	0	0	2	8	81	360	1771	1861	2573	3399	3018	3017	1899	663	372	278	167	46	12	3	0
0	0	1	4	4	36	182	999	3754	9160	12875	6427	2403	2214	778	511	309	153	53	16	3	0
0	0	1	3	5	34	123	277	2090	5269	9545	9172	8140	4098	1567	712	393	108	35	12	2	0
1	0	1	3	6	38	137	423	1165	2057	3885	5156	6935	5664	2943	1062	495	134	60	10	2	0
0	0	1	5	5	31	148	661	1771	3604	3393	3697	5042	3495	3615	2179	931	346	128	22	5	1
0	0	0	2	12	52	149	385	1112	3304	5557	3508	4288	3121	2165	2374	1170	662	201	41	7	1
0	0	0	2	1	9	68	364	692	1420	1280	1436	2061	1051	1160	585	573	272	131	34	7	1
0	0	0	2	3	16	33	168	828	1873	2304	2130	1864	1448	1211	759	492	178	115	23	5	1
#Numero de años con composiciones de tallas (Cruceros)																					
12																					
#ID de los años con comps de tallas																					
2007	2008	2009	2010	2011	2012	2013	2014	2015	2016	2017	2018										
#	Frecuencia_de	tallas	de	las	capturas																
32	1	37	206	56	190	292	178	121	145	138	161	98	81	40	32	25	12	4	1	0	0
180	3	30	178	55	150	226	193	183	99	111	114	77	77	46	31	16	10	2	1	0	0
39	2	181	633	224	145	134	116	193	102	137	105	66	39	35	26	10	4	2	1	0	0
24	1	56	221	148	808	785	177	129	105	93	79	46	25	23	11	8	4	1	1	0	0
38	2	19	100	42	274	254	449	364	191	98	84	40	19	11	11	6	3	1	0	0	0
26	1	61	257	62	75	138	218	197	432	318	130	86	29	17	10	6	2	1	0	0	0
27	1	23	192	78	228	186	109	139	172	168	209	208	87	34	11	7	3	1	0	0	0
51	2	21	170	70	165	179	116	184	81	87	122	145	128	65	22	10	4	1	0	0	0
13	1	42	251	77	98	166	102	115	172	149	76	82	82	51	47	21	7	1	0	0	0
32	1	10	63	44	245	275	157	102	91	91	99	56	45	44	26	14	10	2	1	0	0
19	1	26	219	62	34	88	142	156	114	108	50	56	32	23	19	15	6	4	1	0	0
57	2	28	180	72	166	227	50	73	159	123	110	59	42	26	27	13	10	4	1	0	0
# CONTROLES DEL MODELO
#_________________________________________________________________________________
# Coeficiente de variación de los reclutamientos y Ro (de partida)
#  sigmaR   Ro
   0.6      1000

#  L50ms  L95ms   ln(aw)   bw    (aw, bw: son coef relación talla-peso)
   11.3   14.5    -3.9     3.0

#  dt desove   dt CPUE	 dt Crucero	
   0.67         0.5      0.08

# PARAMETROS DE CRECIMIENTO, M, STEEPNESS, y b_CPUE
#_________________________________________________________________________________
#Loo,   k,        Lo(mm)     a0          cv_edad        M         h        b_cpue
25.7	0.15	  7.0        1.0          1.e-10         0.3        0.75      1.0    # prior
0.1     0.1       0.1        10.1         0.2         10.3        10.3      0.1    # cv de la prior
5      4          5          4             -4          5          -5       -3     # fase

# PARAMETROS INICALES DE SELECTIVIDAD DOBLE NORMAL
#____________________________________________________
# FLOTA
#L50        sigma1    sigma 2
 12           2.5        100     #prior
0.5           0.5        10      #cv de la prior
3             3           -2     #fases

# CRUCERO
#L50        sigma1    sigma 2
 12           2.5        100     #prior
0.5           0.5        10      #cv de la prior
3             3           -2     #fases


# Número de bloques de selectividad flota y años de inicio
3
1993 2000 2005


# Número de bloques de capturabilidad flota y años de inicio
2
1993  2004

#_________________________________________________________________
# OTRAS FASES DE ESTIMACION DE PARAMETROS

# Coeficiente de  capturabilidad q flota y crucero
4  5
# Mortalidad por pesca
2
# Variación anual de reclutamientos
2
# Variación condición inicial (<0 esta en equilibrio)
-2
# Estimación de Ro
1

#_________________________________________________________________
# ANALISIS DE ESTRATEGIAS DE EXPLOTACION CON DECISION DE MORTALIDAD POR PESCA

# Regla de control tipo rampla con %BD0 pivote (si es 0 es regimen F constante)
0 #0.4

# PROYECCION DE LA POBLACION
#____________________________________________________
#numero de escenarios
6

# Multiplos de F
1e-10  0.5    1.00    1.5    2.0   2.5


# Años a proyectar
25
