#Año inicial y terminal																					
1995	2014																				
#numero	de años.																			
20																					
#tiempos de desfase entre reclutas y desovantes.																					
1																					
#numero	de tallas																			
29																					
#Años	Captura	cv	Indice	cv	Crucero	cv	nm	nmc													
1995	1748	0.05	1.0000	0.3	0	0.3	60	40
1996	12026	0.05	0.8111	0.3	0	0.3	60	40
1997	30630	0.05	0.7632	0.3	0	0.3	60	40
1998	194652	0.05	0.7940	0.3	0	0.3	60	40
1999	276922	0.05	0.6020	0.3	0	0.3	60	40
2000	356387	0.05	0.5469	0.3	0	0.3	60	40
2001	178088	0.05	0.1888	0.3	0	0.3	60	40
2002	179966	0.05	0.3746	0.3	0	0.3	60	40
2003	40177	0.05	0.0585	0.3	0	0.3	60	40
2004	231442	0.05	0.4544	0.3	0	0.3	60	40
2005	281503	0.05	0.2813	0.3	127258	0.3	60	40
2006	188652	0.05	0.4241	0.3	126784	0.3	60	40
2007	63831	0.05	0.0597	0.3	145283	0.3	60	40
2008	32193	0.05	0.0460	0.3	227140	0.3	60	40
2009	151340	0.05	0.3199	0.3	167233	0.3	60	40
2010	79394	0.05	0.1139	0.3	177085	0.3	60	40
2011	98358	0.05	0.1771	0.3	166220	0.3	60	40
2012	127937	0.05	0.3614	0.3	121078	0.3	60	40
2013	29705	0.05	0.0628	0.3	143340	0.3	60	40
2014	21295	0.05	0.0538	0.3	232210	0.3	60	40

#	Tallas																				
54	58	62	66	70	74	78	82	86	90	94	98	102	106	110	114	118	122	126	130	134	138	142	146	150	154	158	162	166
#Numero de años con composiciones de tallas (Capturas)																					
15																					
#ID de los años con comps de tallas																					
2000	2001	2002	2003	2004	2005	2006	2007	2008	2009	2010	2011	2012	2013	2014
#	Frecuencia_de	tallas	de	las	capturas																
0	0	2	6	11	33	54	87	127	163	166	163	151	123	95	73	64	47	39	32	20	16	12	7	4	3	2	1	1
0	0	0	2	8	13	31	47	89	124	152	159	168	147	122	104	88	71	53	40	26	20	13	11	7	2	2	1	1
1	2	10	27	58	97	148	201	199	206	174	138	94	59	33	18	14	7	5	5	2	1	1	1	1	0	0	0	0
0	0	1	2	4	10	25	52	86	138	167	183	202	189	158	84	76	47	25	20	9	9	5	2	2	1	0	0	0
1	3	10	24	50	107	173	204	229	211	172	127	74	51	27	18	9	5	2	2	2	0	0	1	0	0	0	0	0
0	1	2	8	18	49	89	151	212	226	212	157	136	106	53	41	20	9	4	2	2	1	0	0	0	0	0	0	0
1	2	4	16	30	79	116	178	211	214	205	164	115	74	43	27	12	4	2	1	1	0	0	0	0	0	0	0	0
0	0	1	3	4	13	32	68	104	154	208	215	209	175	141	88	44	24	9	7	3	0	0	0	0	0	0	0	0
0	0	2	1	3	10	21	47	98	145	181	220	209	189	150	93	68	35	15	8	4	2	0	0	0	0	0	0	0
0	0	2	9	15	42	79	127	162	183	197	197	166	126	91	50	29	15	4	3	1	1	0	0	0	0	0	0	0
0	0	0	1	3	5	20	26	58	100	145	191	207	213	172	146	98	52	35	17	7	2	1	1	0	0	0	0	0
0	0	0	1	4	14	30	67	95	155	194	199	203	169	128	107	65	33	20	6	7	2	1	0	1	0	0	0	0
0	0	2	7	16	38	85	116	174	204	216	196	146	120	74	44	32	13	8	6	2	1	0	0	0	0	0	0	0
0	0	0	0	1	4	16	22	53	85	122	161	208	190	194	150	120	79	48	26	11	8	2	1	0	0	0	0	0
0	0	0	0	1	3	5	19	28	61	103	134	168	209	203	186	135	92	67	42	24	13	3	3	2	1	0	0	0

#Numero de años con composiciones de tallas (Cruceros)																					
10																					
#ID de los años con comps de tallas																					
2005	2006	2007	2008	2009	2010	2011	2012	2013	2014
#	Frecuencia_de	tallas	de	las	capturas																
0	3	3	6	22	68	124	156	219	246	207	184	96	57	46	26	13	13	6	3	0	0	0	0	0	0	0	0	0
0	2	2	6	33	53	76	159	194	219	225	196	144	72	63	30	13	4	2	3	4	0	0	0	0	0	0	0	0
2	0	0	15	27	51	87	176	198	230	217	202	144	81	33	15	12	4	3	3	0	0	0	0	0	0	0	0	0
0	2	2	8	12	42	81	108	188	214	242	211	146	118	64	38	20	4	2	0	0	0	0	0	0	0	0	0	0
0	0	2	8	20	30	84	111	152	207	196	186	177	116	90	72	26	15	4	3	2	2	0	0	0	0	0	0	0
0	2	4	9	22	40	66	123	158	219	211	188	154	117	70	54	33	13	6	6	2	2	0	0	0	0	0	0	0
0	0	2	8	28	32	90	154	196	195	195	206	153	110	54	36	18	10	8	4	2	0	0	0	0	0	0	0	0
0	3	0	9	15	51	82	142	198	210	200	171	140	90	76	45	33	12	9	9	4	0	0	0	0	0	0	0	0
0	0	2	4	22	38	76	105	162	216	198	210	172	111	63	51	32	24	9	2	3	0	0	0	0	0	0	0	0
0	0	0	4	15	24	66	114	146	195	201	200	186	130	80	68	33	18	16	3	2	0	0	0	0	0	0	0	0
# CONTROLES DEL MODELO
#_________________________________________________________________________________
# Coeficiente de variación de los reclutamientos y Ro (de partida)
#  sigmaR   Ro
   0.6      1000

#  L50ms  L95ms   ln(aw)   bw    (aw, bw: son coef relación talla-peso)
   106.1   117.5    -6.9     3.0

#  dt desove   dt CPUE	 dt Crucero	
   0.8         0.5      0.8

# PARAMETROS DE CRECIMIENTO, M, STEEPNESS, y b_CPUE
#_________________________________________________________________________________
#Loo,   k,        Lo(mm)     a0          cv_edad        M         h        b_cpue
150	0.105	  80.0       0.0          0.1         0.21       0.75     1.0    # prior
0.1     0.1       0.1        10.1         0.2         0.3        0.1      0.1    # cv de la prior
-5      -4         5         -4             4          -5         -5       -3     # fase

# PARAMETROS INICALES DE SELECTIVIDAD DOBLE NORMAL
#____________________________________________________
# FLOTA
#L50        sigma1    sigma 2
100           10        1000     #prior
0.5           0.5        10      #cv de la prior
3             3          -2      #fases

# CRUCERO
#L50        sigma1    sigma 2
100           10        1000     #prior
0.5           0.5        10      #cv de la prior
3             3          -2      #fases


# Número de bloques de selectividad flota y años de inicio
1
1995


# Número de bloques de capturabilidad flota y años de inicio
1
1995

#_________________________________________________________________
# OTRAS FASES DE ESTIMACION DE PARAMETROS

# Coeficiente de  capturabilidad q flota y crucero
4  5
# Mortalidad por pesca
2
# Variación anual de reclutamientos
2
# Variación condición inicial (<0 esta en equilibrio)
-2
# Estimación de Ro
1

#_________________________________________________________________
# ANALISIS DE ESTRATEGIAS DE EXPLOTACION CON DECISION DE MORTALIDAD POR PESCA

# Regla de control tipo rampla con %BD0 pivote (si es 0 es regimen F constante)
0

# PROYECCION DE LA POBLACION
#____________________________________________________
#numero de escenarios
6

# Multiplos de F
1e-10  0.5    1.00    1.5    2.0   2.5


# Años a proyectar
25
